--------------- memory array ---------------
0  :  [0 0 0 0 0 0]
1  :  [0 0 0 0 0 0]
2  :  [0 0 0 0 0 0]
3  :  [0 0 0 0 0 0]
4  :  [0 0 0 0 0 0]
5  :  [0 0 0 0 0 0]
6  :  [0 0 0 0 0 0]
--------------------------------------------
------------- management array -------------
0  :  [0]
1  :  [0]
2  :  [0]
3  :  [0]
4  :  [0]
5  :  [0]
6  :  [0]
--------------------------------------------
getting mem for:  66
--------------- memory array ---------------
0  :  [66 66 66 66 66 66]
1  :  [66 66 66 66 66 66]
2  :  [0 0 0 0 0 0]
3  :  [0 0 0 0 0 0]
4  :  [0 0 0 0 0 0]
5  :  [0 0 0 0 0 0]
6  :  [0 0 0 0 0 0]
--------------------------------------------
------------- management array -------------
0  :  [66]
1  :  [66]
2  :  [0]
3  :  [0]
4  :  [0]
5  :  [0]
6  :  [0]
--------------------------------------------
getting mem for:  33
--------------- memory array ---------------
0  :  [66 66 66 66 66 66]
1  :  [66 66 66 66 66 66]
2  :  [33 33 33 33 33 33]
3  :  [0 0 0 0 0 0]
4  :  [0 0 0 0 0 0]
5  :  [0 0 0 0 0 0]
6  :  [0 0 0 0 0 0]
--------------------------------------------
------------- management array -------------
0  :  [66]
1  :  [66]
2  :  [33]
3  :  [0]
4  :  [0]
5  :  [0]
6  :  [0]
--------------------------------------------
getting mem for:  111
--------------- memory array ---------------
0  :  [66 66 66 66 66 66]
1  :  [66 66 66 66 66 66]
2  :  [33 33 33 33 33 33]
3  :  [111 111 111 111 111 111]
4  :  [0 0 0 0 0 0]
5  :  [0 0 0 0 0 0]
6  :  [0 0 0 0 0 0]
--------------------------------------------
------------- management array -------------
0  :  [66]
1  :  [66]
2  :  [33]
3  :  [111]
4  :  [0]
5  :  [0]
6  :  [0]
--------------------------------------------
release_mem from pid  33
--------------- memory array ---------------
0  :  [66 66 66 66 66 66]
1  :  [66 66 66 66 66 66]
2  :  [33 33 33 33 33 33]
3  :  [111 111 111 111 111 111]
4  :  [0 0 0 0 0 0]
5  :  [0 0 0 0 0 0]
6  :  [0 0 0 0 0 0]
--------------------------------------------
------------- management array -------------
0  :  [66]
1  :  [66]
2  :  [0]
3  :  [111]
4  :  [0]
5  :  [0]
6  :  [0]
--------------------------------------------
getting mem for:  55
--------------- memory array ---------------
0  :  [66 66 66 66 66 66]
1  :  [66 66 66 66 66 66]
2  :  [33 33 33 33 33 33]
3  :  [111 111 111 111 111 111]
4  :  [55 55 55 55 55 55]
5  :  [55 55 55 55 55 55]
6  :  [0 0 0 0 0 0]
--------------------------------------------
------------- management array -------------
0  :  [66]
1  :  [66]
2  :  [0]
3  :  [111]
4  :  [55]
5  :  [55]
6  :  [0]
--------------------------------------------
